#84 95.9984 0.04095 9
84 0 1267 1515 1365 1365 1384 0 1498 523 8916
84.0409 0 1207 1560 1350 1466 1421 0 1425 1153 9581
84.0819 0 1221 1516 1291 1340 1461 0 1412 1398 9638
84.1228 0 1206 1497 1366 1433 1452 0 1424 1320 9697
84.1638 0 1242 1558 1331 1385 1396 0 1450 1372 9733
84.2048 0 1247 1487 1395 1416 1444 0 1465 1315 9768
84.2457 0 1220 1434 1328 1411 1481 0 1500 1349 9722
84.2866 0 1187 1436 1340 1360 1465 0 1405 1297 9489
84.3276 0 1158 1533 1374 1403 1445 0 1463 1420 9795
84.3685 0 1243 1506 1298 1381 1410 0 1431 1377 9645
84.4095 0 1203 1473 1326 1406 1382 0 1474 1325 9588
84.4505 0 1230 1597 1344 1354 1339 0 1405 1318 9586
84.4914 0 1228 1532 1361 1336 1374 0 1410 1308 9548
84.5323 0 1193 1447 1329 1386 1416 0 1361 1336 9467
84.5733 0 1204 1485 1365 1399 1395 0 1354 1329 9530
84.6142 0 1190 1446 1340 1331 1389 0 1440 1349 9484
84.6552 0 1169 1396 1344 1413 1364 0 1432 1352 9469
84.6962 0 1227 1466 1321 1345 1350 0 1323 1313 9344
84.7371 0 1245 1446 1308 1331 1435 0 1402 1338 9504
84.778 0 1240 1509 1374 1389 1409 0 1497 1319 9736
84.819 0 1103 1568 1298 1327 1363 0 1453 1274 9385
84.8599 0 1179 1523 1314 1403 1391 0 1467 1290 9566
84.9009 0 1212 1465 1220 1353 1384 0 1506 1333 9472
84.9419 0 1158 1444 1313 1370 1443 0 1440 1308 9475
84.9828 0 1171 1538 1358 1382 1425 0 1411 1281 9565
85.0238 0 1223 1509 1257 1277 1460 0 1407 1278 9410
85.0647 0 1214 1401 1310 1382 1392 0 1455 1356 9509
85.1056 0 1197 1541 1329 1311 1433 0 1439 1433 9682
85.1466 0 1167 1468 1311 1292 1441 0 1368 1306 9352
85.1876 0 1172 1517 1384 1440 1405 0 1391 1389 9697
85.2285 0 1156 1478 1331 1380 1348 0 1462 1277 9431
85.2695 0 1164 1497 1288 1371 1357 0 1512 1331 9519
85.3104 0 1181 1475 1327 1338 1443 0 1334 1303 9400
85.3513 0 1189 1466 1359 1287 1437 0 1466 1329 9532
85.3923 0 1207 1494 1263 1379 1392 0 1426 1236 9396
85.4333 0 1304 1474 1324 1358 1383 0 1414 1404 9660
85.4742 0 1187 1477 1331 1354 1313 0 1439 1333 9433
85.5152 0 1235 1498 1324 1309 1408 0 1412 1381 9566
85.5561 0 1167 1472 1362 1449 1378 0 1349 1400 9576
85.597 0 1140 1540 1407 1382 1441 0 1405 1244 9558
85.638 0 1170 1492 1313 1351 1410 0 1454 1368 9557
85.679 0 1254 1456 1249 1355 1394 0 1460 1277 9444
85.7199 0 1159 1513 1274 1333 1444 0 1381 1352 9455
85.7609 0 1257 1481 1364 1365 1453 0 1426 1397 9742
85.8018 0 1144 1462 1400 1402 1430 0 1408 1290 9535
85.8427 0 1202 1465 1357 1344 1426 0 1519 1275 9587
85.8837 0 1274 1562 1381 1406 1348 0 1407 1299 9676
85.9246 0 1190 1488 1310 1350 1453 0 1409 1304 9503
85.9656 0 1189 1516 1286 1371 1397 0 1451 1272 9481
86.0066 0 1213 1532 1340 1389 1390 0 1424 1282 9569
86.0475 0 1205 1376 1373 1345 1405 0 1413 1322 9438
86.0884 0 1230 1447 1306 1334 1394 0 1451 1303 9464
86.1294 0 1209 1436 1328 1355 1442 0 1444 1345 9558
86.1703 0 1218 1474 1351 1324 1415 0 1425 1298 9504
86.2113 0 1187 1443 1319 1322 1397 0 1385 1297 9349
86.2523 0 1176 1551 1361 1365 1349 0 1424 1274 9499
86.2932 0 1138 1523 1315 1359 1378 0 1396 1279 9387
86.3341 0 1157 1447 1307 1368 1360 0 1410 1267 9315
86.3751 0 1226 1531 1265 1314 1388 0 1334 1313 9370
86.416 0 1232 1458 1280 1342 1367 0 1412 1278 9368
86.457 0 1175 1434 1294 1375 1366 0 1390 1317 9350
86.498 0 1198 1442 1318 1392 1377 0 1424 1256 9406
86.5389 0 1159 1424 1385 1279 1333 0 1422 1297 9298
86.5798 0 1256 1415 1340 1335 1378 0 1411 1370 9504
86.6208 0 1162 1515 1267 1381 1412 0 1360 1320 9416
86.6617 0 1183 1491 1301 1336 1409 0 1353 1327 9399
86.7027 0 1166 1447 1292 1370 1397 0 1338 1263 9272
86.7437 0 1146 1566 1291 1311 1382 0 1360 1339 9394
86.7846 0 1180 1437 1293 1325 1461 0 1445 1266 9406
86.8255 0 1176 1418 1343 1379 1395 0 1410 1267 9387
86.8665 0 1162 1483 1296 1394 1366 0 1401 1268 9369
86.9074 0 1171 1466 1293 1386 1388 0 1460 1346 9509
86.9484 0 1174 1486 1341 1399 1438 0 1445 1333 9615
86.9894 0 1166 1484 1333 1407 1446 0 1451 1393 9679
87.0303 0 1213 1549 1328 1324 1425 0 1483 1316 9637
87.0713 0 1283 1525 1407 1427 1440 0 1510 1340 9931
87.1122 0 1265 1510 1314 1437 1473 0 1469 1351 9818
87.1531 0 1252 1558 1372 1469 1446 0 1459 1425 9980
87.1941 0 1255 1570 1411 1391 1489 0 1552 1401 10068
87.2351 0 1229 1640 1431 1560 1576 0 1551 1424 10410
87.276 0 1322 1531 1414 1458 1512 0 1472 1379 10087
87.317 0 1275 1630 1476 1463 1472 0 1622 1434 10371
87.3579 0 1342 1654 1504 1461 1558 0 1573 1466 10557
87.3988 0 1306 1733 1496 1574 1565 0 1601 1474 10748
87.4398 0 1345 1687 1554 1615 1603 0 1673 1524 11000
87.4808 0 1384 1738 1472 1602 1624 0 1648 1573 11040
87.5217 0 1381 1755 1571 1573 1633 0 1655 1563 11130
87.5627 0 1424 1726 1610 1595 1630 0 1751 1559 11294
87.6036 0 1395 1753 1618 1650 1722 0 1733 1610 11480
87.6445 0 1494 1894 1704 1723 1718 0 1756 1680 11968
87.6855 0 1465 1902 1737 1701 1763 0 1814 1705 12086
87.7264 0 1693 1986 1725 1747 1838 0 1802 1712 12502
87.7674 0 1630 1977 1799 1880 1928 0 1915 1783 12911
87.8084 0 1659 2076 1890 1924 1988 0 1968 1980 13484
87.8493 0 1809 2241 1962 2076 2133 0 2114 1980 14314
87.8902 0 1888 2219 1890 2115 2077 0 2164 2046 14398
87.9312 0 1888 2404 2124 2178 2227 0 2313 2257 15390
87.9721 0 2031 2519 2256 2376 2415 0 2479 2212 16287
88.0131 0 2231 2624 2355 2501 2623 0 2659 2441 17433
88.0541 0 2366 2959 2527 2609 2727 0 2847 2547 18581
88.095 0 2541 3230 2783 2857 2903 0 3026 2862 20201
88.1359 0 2770 3482 2996 3244 3203 0 3251 3135 22080
88.1769 0 3067 3939 3413 3554 3673 0 3609 3400 24654
88.2178 0 3506 4103 3946 3917 3967 0 4093 3805 27336
88.2588 0 3864 4869 4181 4273 4389 0 4472 4563 30610
88.2998 0 4463 5514 4959 4976 5199 0 5226 4820 35156
88.3407 0 5147 6187 5383 5818 5758 0 6194 5510 39996
88.3816 0 5649 6966 6249 6543 6798 0 6799 6595 45598
88.4226 0 6688 8148 7256 7290 7694 0 7663 7304 52042
88.4635 0 7155 8903 7952 8420 8288 0 8666 8350 57733
88.5045 0 7804 9585 8438 8758 9125 0 9081 8509 61299
88.5455 0 8389 10257 9094 9632 9697 0 9726 9372 66166
88.5864 0 8665 10481 9408 9800 9813 0 9986 9830 67982
88.6273 0 8320 10453 9479 9814 10009 0 10353 9838 68265
88.6683 0 8478 10556 9358 9785 9811 0 10348 9751 68086
88.7092 0 8293 10133 9393 9851 9679 0 10189 9448 66985
88.7502 0 8138 9828 8954 9313 9383 0 9567 9273 64455
88.7912 0 7776 9563 8731 9261 9114 0 9474 8962 62880
88.8321 1 7599 9162 8384 8753 8669 0 9183 8529 60279
88.8731 0 7084 8654 7573 8326 8160 0 8551 8194 56541
88.914 0 6804 8131 7293 7717 7864 0 7975 7577 53360
88.9549 0 6079 7525 6725 7457 7057 0 7596 7261 49699
88.9959 0 5592 6529 6016 6610 6352 0 6714 6422 44234
89.0369 0 5189 6130 5509 5787 5789 0 6288 5625 40316
89.0778 0 4495 5395 4966 5541 5023 0 5518 5204 36141
89.1188 0 3892 4639 4109 4502 4676 0 4772 4552 31141
89.1597 0 3552 4290 3868 4152 4082 0 4284 4019 28246
89.2006 0 3225 3920 3387 3709 3591 0 3760 3796 25387
89.2416 0 2667 3561 2960 3289 3420 0 3309 3230 22435
89.2826 0 2543 3193 2765 2875 3035 0 3086 2850 20346
89.3235 0 2294 2777 2506 2643 2617 0 2863 2695 18394
89.3645 0 2041 2726 2359 2362 2451 0 2527 2394 16859
89.4054 0 1979 2485 2148 2268 2359 0 2327 2316 15881
89.4463 0 1796 2231 1967 2171 2067 0 2216 2148 14595
89.4873 0 1790 2116 1838 2004 2023 0 2070 2001 13841
89.5282 0 1698 1987 1759 1942 1854 0 2002 1870 13111
89.5692 0 1535 1843 1720 1831 1824 0 1921 1722 12395
89.6102 0 1463 1816 1615 1683 1791 0 1796 1677 11840
89.6511 0 1453 1688 1570 1657 1661 0 1732 1607 11367
89.692 0 1394 1758 1586 1578 1630 0 1678 1549 11172
89.733 0 1398 1641 1499 1582 1516 0 1594 1521 10750
89.7739 0 1287 1604 1379 1486 1499 0 1541 1544 10339
89.8149 0 1195 1543 1367 1420 1444 0 1477 1455 9900
89.8559 0 1232 1527 1383 1395 1442 0 1471 1348 9797
89.8968 0 1218 1422 1321 1378 1382 0 1411 1322 9453
89.9377 0 1237 1473 1349 1348 1356 0 1377 1365 9504
89.9787 0 1164 1412 1246 1326 1342 0 1395 1258 9142
90.0196 1 1158 1379 1148 1269 1300 0 1325 1269 8848
90.0606 0 1172 1366 1273 1199 1249 0 1345 1196 8799
90.1016 0 1076 1378 1178 1225 1211 0 1261 1232 8560
90.1425 0 1117 1376 1160 1282 1273 0 1225 1264 8696
90.1834 0 1041 1233 1125 1184 1189 0 1246 1107 8124
90.2244 0 1095 1285 1116 1227 1256 0 1228 1136 8342
90.2653 0 1102 1257 1131 1159 1224 0 1267 1103 8242
90.3063 0 1026 1316 1121 1232 1174 0 1197 1116 8181
90.3473 0 1043 1247 1097 1167 1214 0 1264 1194 8225
90.3882 0 1042 1239 1112 1099 1195 0 1207 1133 8026
90.4291 0 1031 1254 1114 1207 1256 0 1192 1121 8174
90.4701 0 1063 1266 1040 1152 1232 0 1170 1136 8058
90.511 0 987 1324 1126 1195 1152 0 1255 1135 8173
90.552 0 1023 1313 1090 1189 1130 0 1164 1129 8037
90.593 0 1085 1229 1146 1185 1213 0 1170 1117 8144
90.6339 0 1024 1225 1161 1092 1202 0 1188 1139 8030
90.6748 0 997 1284 1090 1155 1180 0 1261 1134 8100
90.7158 0 988 1240 1154 1143 1248 0 1230 1257 8259
90.7567 0 992 1274 1087 1147 1204 0 1246 1181 8130
90.7977 0 1040 1263 1173 1153 1213 0 1237 1115 8193
90.8387 0 1098 1394 1213 1203 1219 0 1311 1161 8598
90.8796 0 1093 1379 1123 1202 1230 0 1301 1180 8507
90.9205 0 1093 1314 1125 1229 1322 0 1285 1204 8571
90.9615 0 1080 1377 1234 1279 1287 0 1306 1226 8788
91.0024 0 1170 1458 1321 1292 1348 0 1353 1197 9138
91.0434 0 1184 1461 1371 1347 1393 0 1422 1294 9471
91.0844 0 1128 1479 1349 1314 1357 0 1364 1292 9282
91.1253 0 1197 1499 1342 1428 1393 0 1460 1307 9625
91.1663 0 1248 1570 1294 1424 1407 0 1411 1375 9728
91.2072 0 1244 1591 1423 1459 1457 0 1559 1431 10163
91.2481 0 1294 1674 1462 1464 1571 0 1588 1377 10429
91.2891 0 1332 1684 1521 1464 1567 0 1681 1495 10743
91.33 0 1451 1699 1602 1567 1595 0 1651 1580 11144
91.371 0 1505 1793 1622 1688 1728 0 1663 1594 11592
91.412 0 1530 1872 1710 1778 1799 0 1840 1615 12143
91.4529 0 1599 1961 1814 1794 1847 0 1961 1691 12666
91.4938 0 1677 2096 1871 1823 1895 0 2072 1884 13317
91.5348 0 1759 2231 2027 1995 1979 0 2099 1897 13986
91.5757 0 1981 2433 2102 2139 2206 0 2194 2108 15162
91.6167 0 2077 2527 2356 2378 2354 0 2449 2343 16483
91.6577 0 2188 2635 2401 2428 2519 0 2643 2515 17328
91.6986 0 2433 2957 2672 2702 2861 0 2858 2656 19138
91.7395 0 2668 3156 2814 3049 3002 0 3154 2952 20794
91.7805 0 2977 3503 3187 3323 3331 0 3496 3158 22974
91.8214 0 3406 4143 3553 3688 3977 0 4020 3624 26410
91.8624 0 3556 4646 3820 4391 4317 0 4633 4230 29592
91.9034 0 4278 5346 4740 4819 5128 0 5141 4596 34047
91.9443 0 5109 6411 5525 5766 5664 0 5881 5364 39719
91.9852 0 5593 7067 6175 6861 6621 0 6698 6609 45623
92.0262 0 6802 8596 7275 7676 8135 0 7902 7491 53876
92.0671 0 8090 9563 8968 8997 9018 0 9442 8783 62860
92.1081 0 8763 10903 9999 9732 10469 0 10277 10420 70562
92.1491 0 9996 12494 11142 11222 11750 0 12113 11220 79936
92.19 0 11202 13459 11774 12575 12514 0 13247 12451 87221
92.2309 0 11393 14160 12492 13197 13425 0 13752 13167 91585
92.2719 0 11870 14620 12938 13514 13650 0 14135 13481 94207
92.3128 0 11986 14494 12830 13815 13775 0 14117 13677 94693
92.3538 0 11818 14128 12704 13610 13605 0 14052 13225 93141
92.3948 0 11430 13682 12270 13309 13225 0 13615 12902 90432
92.4357 0 11093 13631 12090 12811 12907 0 13524 12514 88569
92.4767 1 10433 12825 11524 12162 12030 0 12966 12177 84117
92.5176 0 9812 12364 10763 11878 11617 0 11764 11556 79753
92.5585 0 9535 11480 10333 11158 10939 0 11480 10826 75750
92.5995 0 8796 10296 9451 10120 10017 0 10607 10131 69417
92.6405 0 7680 9425 8794 9220 9179 0 9273 8916 62486
92.6814 0 6981 8599 7753 8446 8053 0 8573 8043 56447
92.7224 0 6120 7304 6582 7220 6633 0 7329 7119 48306
92.7633 0 5517 6571 6022 6186 5994 0 6196 6040 42525
92.8042 0 4712 5695 5020 5496 5249 0 5771 5640 37582
92.8452 0 3823 4708 4163 4749 4719 0 4681 4701 31543
92.8862 0 3573 4259 3794 4003 4027 0 4267 3864 27786
92.9271 0 3083 3608 3209 3669 3324 0 3693 3628 24213
92.9681 0 2612 3331 2847 3155 3089 0 3093 2968 21094
93.009 0 2441 2956 2661 2853 2731 0 2821 2706 19168
93.0499 0 2126 2530 2282 2377 2409 0 2491 2485 16699
93.0909 0 1961 2392 2163 2157 2163 0 2287 2173 15295
93.1319 0 1765 2128 1902 2044 1989 0 2153 1894 13874
93.1728 0 1586 1853 1715 1899 1713 0 1833 1852 12450
93.2138 0 1510 1846 1640 1677 1741 0 1764 1635 11812
93.2547 0 1383 1663 1484 1654 1544 0 1618 1603 10948
93.2956 0 1294 1567 1405 1496 1462 0 1563 1454 10240
93.3366 0 1193 1507 1395 1373 1423 0 1457 1277 9624
93.3775 0 1119 1384 1262 1319 1321 0 1320 1333 9057
93.4185 0 1062 1380 1176 1239 1253 0 1280 1238 8627
93.4595 0 1002 1244 1102 1182 1208 0 1203 1214 8154
93.5004 0 960 1189 1122 1125 1163 0 1250 1072 7880
93.5413 0 915 1171 1028 1113 1124 0 1091 1091 7532
93.5823 0 897 1087 994 955 1018 0 1060 987 6997
93.6232 0 856 1081 912 975 1027 0 1034 964 6848
93.6642 0 903 1039 895 946 964 0 942 955 6643
93.7052 0 803 970 932 879 929 0 953 912 6377
93.7461 0 748 931 756 915 942 0 955 889 6135
93.787 0 775 863 845 836 886 0 940 830 5974
93.828 0 694 922 811 827 860 0 895 745 5753
93.8689 0 696 876 762 787 883 0 837 762 5602
93.9099 0 691 849 760 820 813 0 815 785 5532
93.9509 0 668 813 735 776 792 0 815 737 5335
93.9918 0 699 813 681 724 775 0 798 720 5209
94.0327 0 660 778 770 773 713 0 776 692 5161
94.0737 0 592 816 722 712 695 0 785 717 5038
94.1146 0 643 747 693 688 722 0 782 668 4942
94.1556 0 622 726 649 676 700 0 693 691 4756
94.1966 0 627 712 644 734 768 0 737 640 4861
94.2375 0 585 770 639 697 696 0 691 654 4731
94.2784 0 592 733 601 677 646 0 717 672 4637
94.3194 0 569 705 632 658 695 0 671 650 4579
94.3603 0 526 637 606 660 648 0 676 619 4371
94.4013 0 544 669 670 662 648 0 670 596 4458
94.4423 0 588 685 599 642 618 0 674 600 4405
94.4832 0 519 639 603 575 611 0 629 548 4123
94.5241 0 578 656 564 579 593 0 610 626 4205
94.5651 0 553 625 561 576 628 0 594 549 4085
94.606 0 510 588 566 533 622 0 632 527 3977
94.647 0 486 650 506 584 605 0 614 591 4035
94.688 0 456 614 563 575 582 0 604 578 3971
94.7289 0 504 637 539 584 585 0 625 507 3980
94.7698 0 499 601 527 584 568 0 591 533 3902
94.8108 0 495 621 563 563 580 0 569 540 3930
94.8517 0 503 600 532 492 599 0 565 551 3841
94.8927 0 477 591 482 567 555 0 589 494 3754
94.9337 0 472 534 557 529 522 0 573 504 3690
94.9746 0 481 572 560 504 560 0 571 503 3750
95.0155 0 447 565 517 589 514 0 581 519 3731
95.0565 0 474 605 495 559 555 0 571 488 3746
95.0974 0 451 547 507 521 543 0 552 472 3592
95.1384 0 433 536 478 514 546 0 583 479 3568
95.1793 0 469 571 483 509 472 0 532 478 3513
95.2203 0 482 515 529 501 496 0 530 467 3519
95.2613 0 444 548 433 467 556 0 528 469 3444
95.3022 0 446 552 510 495 570 0 512 463 3547
95.3431 0 443 532 459 524 527 0 506 469 3459
95.3841 0 453 533 502 490 518 0 495 461 3451
95.425 0 446 520 477 481 503 0 510 480 3416
95.466 0 423 506 455 493 490 0 526 451 3343
95.507 0 410 543 437 515 500 0 468 474 3346
95.5479 0 400 563 493 469 490 0 503 456 3373
95.5888 0 419 537 445 527 517 0 509 474 3427
95.6298 0 452 515 484 503 488 0 486 454 3381
95.6707 0 394 514 466 453 491 0 509 440 3266
95.7117 0 397 542 459 475 477 0 489 446 3284
95.7527 0 414 563 419 505 520 0 463 442 3325
95.7936 0 419 519 437 470 492 0 495 459 3290
95.8345 0 430 511 489 458 502 0 474 455 3318
95.8755 0 432 545 457 463 494 0 469 435 3294
95.9164 0 467 497 474 472 486 0 476 413 3284
95.9574 0 384 506 416 416 467 0 452 434 3074
95.9984 0 401 488 454 442 457 0 502 460 3203
